4

wintertree1.pgm
wintertree1.pgm
185.64 -1523 -464.87 17658
-1535.9 -305.85 -20.473 15099
-0.21852 -0.062674 -0.97382 33.166

wintertree2.pgm
wintertree2.pgm
1462.5 -34.316 -655.86 17954
17.665 -1556.9 -169.17 12166
-0.098269 -0.13467 -0.98601 33.457


wintertree3.pgm
wintertree3.pgm
1520.9 -309.98 -401.14 17337
-245.88 -1530.5 -223.74 11044
0.0499 -0.10771 -0.99293 33.009

wintertree4.pgm
wintertree4.pgm
651.3 1392.9 -453.65 16745
1456.9 -569.59 -76.469 12774
0.18876 -0.043372 -0.98106 35.628

9

0.70121 -0.44207 0.53432 0.16722
0.81979 -0.46495 0.30152 0.14546
0.80095 0.10047 0.56942 0.16007
0.48862 0.40152 0.7685 0.10109
0.46966 0.61138 0.62398 0.13262
0.23823 0.54842 0.79455 0.10847
-0.035614 -0.38504 0.89736 0.21078
0.047716 -0.52857 0.82361 0.19789
0.20971 -0.95888 -0.1251 0.14462


8

7
0
1
2
3
4
5
6

10.0
10.0
